26
26
44
9
64
7
19
11
80
9
43
10
50
92
32
85
83
13
2
76
47
5
96
11
14
48
19
5
4
92
82
52
26
84
93
78
30
77
16
29
41
30
19
72
81
34
26
61
80
36
32
22
8
16
42
95
45
88
31
83
100
34
37
23
52
48
5
96
62
74
97
3
13
69
8
35
37
64
78
2
63
39
46
49
84
49
57
77
29
44
67
52
10
81
27
40
64
89
33
52
82
98
35
63
77
10
1
29
46
96
71
41
28
79
15
18
2
83
5
99
62
66
56
77
49
46
65
75
97
8
47
93
66
89
38
84
8
65
9
39
32
30
43
24
100
4
12
82
24
12
82
85
67
91
37
2
93
82
54
58
17
90
100
43
77
80
60
16
40
58
64
88
64
11
67
42
52
32
6
62
27
27
24
8
90
42
19
31
70
40
91
93
58
99
30
99
96
92
25
8
35
75
61
2
2
55
17
78
47
47
17
31
14
56
36
23
19
85
31
100
4
92
36
94
42
31
87
32
15
64
56
29
75
89
15
31
41
7
17
63
18
66
32
13
38
63
93
78
75
28
27
43
53
27
18
78
90
7
53
81
25
17
49
7
61
60
82
18
39
99
5
28
49
65
52
54
91
65
70
19
29
85
35
45
78
92
24
84
95
21
27
9
92
77
91
70
25
29
80
78
59
27
31
50
47
48
32
92
53
52
97
2
47
27
96
8
98
4
33
41
96
65
39
14
3
9
61
16
20
25
64
100
4
5
78
59
25
94
15
10
43
51
74
86
3
64
99
26
57
70
70
61
68
3
98
63
85
9
75
4
19
26
51
18
6
87
35
17
96
63
16
29
68
13
55
31
48
5
15
30
7
31
38
58
14
29
13
18
88
48
67
73
1
54
5
35
93
49
60
16
92
61
18
35
29
43
67
23
75
38
93
5
80
86
100
97
46
26
99
76
79
10
48
6
34
17
30
85
61
99
58
39
48
2
57
36
24
62
44
5
50
27
38
27
22
53
4
9
3
40
15
21
23
33
64
76
37
99
49
47
37
87
77
4
8
41
63
86
58
40
56
99
23
23
30
40
98
91
57
78
89
76
34
99
67
39
15
19
13
6
34
57
100
19
91
28
29
8
49
64
42
35
2
9
81
31
77
42
51
19
40
37
13
23
81
83
97
80
94
43
43
38
10
100
18
62
54
96
8
45
2
30
3
3
99
68
62
51
15
98
29
76
16
94
82
45
70
93
66
12
83
93
64
57
46
11
98
54
83
94
94
75
88
86
58
31
49
49
91
53
68
27
100
92
34
9
6
53
16
99
29
45
82
73
32
29
60
9
71
86
84
70
92
22
96
62
25
4
53
47
12
25
1
67
88
3
64
54
74
94
51
8
35
90
38
78
51
66
53
64
71
55
100
23
57
63
18
83
46
28
14
58
15
56
15
26
58
51
20
71
55
82
59
98
20
52
66
43
30
55
49
43
97
34
62
19
38
66
47
22
63
62
30
91
95
29
15
10
60
30
45
33
9
29
87
42
4
37
81
85
61
43
100
100
40
98
21
71
53
16
80
37
27
90
6
25
9
71
42
60
97
68
81
76
64
65
71
26
66
17
78
25
5
53
56
13
7
78
50
98
16
19
91
5
74
5
6
35
80
28
95
97
27
22
83
59
19
29
61
57
41
1
80
36
90
26
67
19
2
23
31
96
22
77
37
92
73
58
61
61
92
23
90
27
37
76
9
21
68
18
62
5
17
91
29
19
75
97
78
60
100
70
46
87
50
89
49
82
69
84
31
19
86
79
15
49
83
73
94
26
79
43
77
30
52
62
23
17
35
49
87
11
37
13
97
13
26
65
21
19
10
84
69
22
90
10
5
67
69
42
29
40
10
50
64
36
61
94
96
89
48
83
47
57
45
95
56
47
80
15
25
100
24
61
32
15
35
36
7
34
96
69
90
79
71
89
95
55
26
13
65
1
8
54
20
76
26
26
28
20
96
70
89
23
11
17
3
99
96
66
85
63
34
14
31
75
87
43
47
17
26
81
21
43
69
29
37
48
96
59
16
23
84
92
62
44
19
60
70
24
84
27
43
18
71
73
82
79
1
26
27
52
26
71
53
82
38
97
7
59
24
2
87
69
84
80
59
41
2
83
6
96
66
28
50
33
99
84
87
33
1
53
5
29
83
62
43
35
34
36
61
71
17
6
3
26
90
23
37
64
27
80
59
1
49
28
80
4
50
71
72
21
78
39
15
48
46
30
41
70